---- Сводка (медиана по прогонам) ----
heap_mb  n      spend_msec
32       3           59203
96       3           55192
160      3           53811
224      3           53108
288      3           52944
352      3           53025
416      3           52620
480      3           52605
544      3           52587
608      3           52421
672      3           52277
736      3           52044
800      3           52969
864      3           51950
928      3           51591
992      3           51489
1056     3           51316
1120     3           51265
1184     3           51239
1248     3           51006
1312     3           51561
1376     3           50954
1440     3           50672
1504     3           50875
1568     3           50512
1632     3           50449
1696     3           50390
1760     3           50152
1824     3           49922
1888     3           49938
1952     3           49875
2016     3           49657
